id,date,compound,neg,neu,pos
https://openalex.org/W4387542522,2023,-0.2507,0.032,0.923,0.045
https://openalex.org/W4387572623,2023,0.9936,0.014,0.792,0.194
https://openalex.org/W4387585859,2023,0.0172,0.039,0.925,0.036
https://openalex.org/W4387611174,2023,-0.778,0.042,0.936,0.023
https://openalex.org/W4387619201,2023,0.8906,0.045,0.876,0.079
https://openalex.org/W4387637459,2023,-0.8481,0.068,0.904,0.028
https://openalex.org/W4387650547,2023,0.9891,0.017,0.808,0.175
https://openalex.org/W4387653639,2023,0.9694,0.013,0.846,0.142
https://openalex.org/W4387673370,2023,-0.9767,0.059,0.894,0.048
https://openalex.org/W4387771599,2023,0.9258,0.033,0.889,0.078
https://openalex.org/W4387808257,2023,0.9672,0.033,0.867,0.1
https://openalex.org/W4387878189,2023,0.9647,0.016,0.855,0.129
https://openalex.org/W4387879551,2023,0.99,0.01,0.882,0.107
https://openalex.org/W4387902864,2023,0.9217,0.026,0.837,0.137
https://openalex.org/W4387928419,2023,0.9877,0.046,0.816,0.138
https://openalex.org/W4387933297,2023,0.9945,0.019,0.776,0.205
https://openalex.org/W4387938556,2023,0.9729,0.052,0.753,0.194
https://openalex.org/W4387940624,2023,0.9764,0.053,0.785,0.162
https://openalex.org/W4387949592,2023,0.9816,0.035,0.763,0.201
https://openalex.org/W4387977820,2023,0.9897,0.016,0.796,0.189
https://openalex.org/W4388001433,2023,0.9442,0.008,0.901,0.091
https://openalex.org/W4388021714,2023,0.8819,0.061,0.843,0.096
https://openalex.org/W4388034036,2023,0.9377,0.02,0.908,0.072
https://openalex.org/W4388043633,2023,0.994,0.0,0.832,0.168
https://openalex.org/W4388043856,2023,0.91,0.026,0.869,0.104
https://openalex.org/W4388097824,2023,0.796,0.033,0.899,0.068
https://openalex.org/W4388205330,2023,0.2975,0.068,0.853,0.079
https://openalex.org/W4388221502,2023,0.9822,0.018,0.834,0.148
https://openalex.org/W4388239359,2023,0.4767,0.037,0.91,0.053
https://openalex.org/W4388256016,2023,-0.8126,0.126,0.762,0.112
https://openalex.org/W4388272294,2023,-0.4738,0.074,0.873,0.054
https://openalex.org/W4388288540,2023,0.9506,0.01,0.937,0.052
https://openalex.org/W4388445326,2023,0.5719,0.04,0.904,0.056
https://openalex.org/W4388502084,2023,0.9991,0.061,0.838,0.101
https://openalex.org/W4388524659,2023,0.9997,0.02,0.909,0.071
https://openalex.org/W4388524746,2023,0.9975,0.05,0.879,0.071
https://openalex.org/W4388524918,2023,0.9999,0.013,0.884,0.103
https://openalex.org/W4388524935,2023,0.9997,0.014,0.927,0.059
https://openalex.org/W4388524953,2023,0.9999,0.024,0.876,0.099
https://openalex.org/W4388524974,2023,0.9997,0.041,0.861,0.098
https://openalex.org/W4388524980,2023,0.9996,0.022,0.907,0.07
https://openalex.org/W4388524990,2023,0.9999,0.008,0.892,0.1
https://openalex.org/W4388525025,2023,0.9999,0.006,0.91,0.084
https://openalex.org/W4388525039,2023,0.9999,0.014,0.865,0.121
https://openalex.org/W4388525056,2023,0.9999,0.02,0.893,0.087
https://openalex.org/W4388525071,2023,0.9999,0.012,0.895,0.093
https://openalex.org/W4388525076,2023,0.9996,0.01,0.94,0.05
https://openalex.org/W4388525079,2023,0.9999,0.012,0.895,0.093
https://openalex.org/W4388525094,2023,0.9999,0.016,0.876,0.108
https://openalex.org/W4388525366,2023,0.9998,0.016,0.911,0.074
https://openalex.org/W4388525373,2023,0.9999,0.006,0.91,0.084
https://openalex.org/W4388525386,2023,0.9999,0.01,0.882,0.108
https://openalex.org/W4388549910,2023,0.433,0.095,0.793,0.111
https://openalex.org/W4388554548,2023,0.9999,0.02,0.853,0.127
https://openalex.org/W4388556693,2023,0.9521,0.006,0.898,0.095
https://openalex.org/W4388557075,2023,0.9901,0.011,0.839,0.15
https://openalex.org/W4388569617,2023,0.969,0.088,0.733,0.179
https://openalex.org/W4388570245,2023,0.7743,0.039,0.884,0.077
https://openalex.org/W4388574192,2023,-0.5719,0.066,0.873,0.062
https://openalex.org/W4388575713,2023,0.9743,0.046,0.781,0.173
https://openalex.org/W4388622467,2023,0.9209,0.072,0.787,0.141
https://openalex.org/W4388622497,2023,0.1655,0.041,0.906,0.053
https://openalex.org/W4388637131,2023,-0.9159,0.125,0.809,0.066
https://openalex.org/W4388648759,2023,0.9844,0.0,0.79,0.21
https://openalex.org/W4388672793,2023,0.9612,0.028,0.749,0.222
https://openalex.org/W4388672805,2023,0.7901,0.062,0.86,0.077
https://openalex.org/W4388723193,2023,0.9657,0.021,0.852,0.128
https://openalex.org/W4388729932,2023,0.8834,0.034,0.862,0.103
https://openalex.org/W4388731361,2023,0.9152,0.015,0.892,0.093
https://openalex.org/W4388736345,2023,0.9868,0.021,0.774,0.205
https://openalex.org/W4388740413,2023,0.9674,0.023,0.881,0.096
https://openalex.org/W4388814273,2023,-0.9211,0.091,0.869,0.039
https://openalex.org/W4388842362,2023,-0.9468,0.113,0.846,0.042
https://openalex.org/W4388939906,2023,0.9995,0.063,0.816,0.121
https://openalex.org/W4388946669,2023,0.9726,0.015,0.818,0.166
https://openalex.org/W4388961550,2023,-0.9997,0.172,0.75,0.078
https://openalex.org/W4388972129,2023,0.9118,0.0,0.926,0.074
https://openalex.org/W4388988182,2023,0.886,0.048,0.869,0.083
https://openalex.org/W4389036264,2023,0.9829,0.017,0.84,0.143
https://openalex.org/W4389050878,2023,0.8696,0.054,0.85,0.096
https://openalex.org/W4389051460,2023,0.9873,0.029,0.931,0.04
https://openalex.org/W4389056648,2023,0.9921,0.034,0.888,0.079
https://openalex.org/W4389092299,2023,0.9805,0.0,0.893,0.107
https://openalex.org/W4389100524,2023,0.9744,0.0,0.839,0.161
https://openalex.org/W4389148783,2023,0.7184,0.048,0.877,0.075
https://openalex.org/W4389201461,2023,-0.875,0.073,0.9,0.027
https://openalex.org/W4389203553,2023,0.9854,0.008,0.814,0.177
https://openalex.org/W4389212811,2023,0.9665,0.055,0.826,0.119
https://openalex.org/W4389274906,2023,-0.2263,0.083,0.845,0.072
https://openalex.org/W4389387117,2023,0.9741,0.0,0.882,0.118
https://openalex.org/W4389393715,2023,0.985,0.041,0.761,0.198
https://openalex.org/W4389403641,2023,0.9908,0.03,0.732,0.239
https://openalex.org/W4389435811,2023,0.9883,0.029,0.82,0.151
https://openalex.org/W4389442037,2023,0.5106,0.044,0.9,0.056
https://openalex.org/W4389456308,2023,0.9837,0.037,0.8,0.163
https://openalex.org/W4389485505,2023,0.9998,0.06,0.804,0.135
https://openalex.org/W4389526437,2023,0.9872,0.027,0.911,0.062
https://openalex.org/W4389547770,2023,0.997,0.0,0.771,0.229
https://openalex.org/W4389572814,2023,0.9001,0.011,0.907,0.082
https://openalex.org/W4389574444,2023,0.9735,0.02,0.891,0.089
https://openalex.org/W4389607454,2023,-0.743,0.121,0.774,0.104
https://openalex.org/W4389607808,2023,-0.6808,0.063,0.894,0.043
https://openalex.org/W4389609169,2023,0.9999,0.028,0.841,0.132
https://openalex.org/W4389722003,2023,0.9406,0.0,0.929,0.071
https://openalex.org/W4389751770,2023,0.9702,0.0,0.804,0.196
https://openalex.org/W4389935339,2023,0.9986,0.018,0.831,0.151
https://openalex.org/W4389955092,2023,0.1145,0.041,0.895,0.064
https://openalex.org/W4389974972,2023,0.9728,0.011,0.834,0.154
https://openalex.org/W4390008763,2023,0.6652,0.09,0.818,0.092
https://openalex.org/W4390047035,2023,0.9798,0.0,0.868,0.132
https://openalex.org/W4390117491,2023,0.9889,0.038,0.828,0.134
https://openalex.org/W4390273339,2023,0.9871,0.01,0.806,0.184
https://openalex.org/W4390449274,2023,0.9393,0.0,0.844,0.156
https://openalex.org/W4390470604,2023,0.9565,0.0,0.91,0.09
https://openalex.org/W4390799955,2023,0.9978,0.042,0.893,0.064
https://openalex.org/W4391166286,2023,0.9822,0.018,0.87,0.113
https://openalex.org/W53024446,2023,0.9955,0.027,0.862,0.111
https://openalex.org/W76672702,2023,0.9967,0.036,0.751,0.213
https://openalex.org/W114678701,2023,0.9287,0.006,0.945,0.049
https://openalex.org/W1651678632,2023,0.9862,0.014,0.942,0.044
https://openalex.org/W1823913999,2023,0.946,0.015,0.95,0.035
https://openalex.org/W1996903257,2023,0.875,0.047,0.834,0.118
https://openalex.org/W2295727272,2023,-0.7893,0.083,0.85,0.067
https://openalex.org/W2550248211,2023,0.9371,0.0,0.905,0.095
https://openalex.org/W2799114856,2023,0.1189,0.053,0.881,0.065
https://openalex.org/W2889420809,2023,-0.9339,0.119,0.819,0.062
https://openalex.org/W3043479128,2023,0.9843,0.031,0.836,0.133
https://openalex.org/W33082861,2023,0.96,0.117,0.732,0.151
https://openalex.org/W4210619544,2023,0.8537,0.068,0.817,0.114
https://openalex.org/W4214664299,2023,0.9274,0.05,0.852,0.098
https://openalex.org/W4293388160,2023,0.9914,0.022,0.817,0.162
https://openalex.org/W4293744033,2023,-0.34,0.028,0.957,0.016
https://openalex.org/W4295174020,2023,0.9997,0.015,0.902,0.083
https://openalex.org/W4296670226,2023,0.9531,0.089,0.755,0.155
https://openalex.org/W4301727683,2023,-0.5859,0.07,0.877,0.053
https://openalex.org/W4303699724,2023,0.9657,0.051,0.823,0.126
https://openalex.org/W4304607700,2023,-0.8402,0.087,0.858,0.055
https://openalex.org/W4304759174,2023,0.9001,0.01,0.933,0.057
https://openalex.org/W4306958174,2023,0.8834,0.019,0.872,0.109
https://openalex.org/W4307122873,2023,-0.9556,0.114,0.823,0.063
https://openalex.org/W4307423965,2023,-0.1728,0.092,0.827,0.082
https://openalex.org/W4308419637,2023,0.9999,0.027,0.87,0.103
https://openalex.org/W4308624931,2023,-0.9974,0.098,0.825,0.078
https://openalex.org/W4309338056,2023,0.9799,0.042,0.825,0.133
https://openalex.org/W4310073526,2023,0.9633,0.017,0.851,0.132
https://openalex.org/W4310350691,2023,0.886,0.061,0.827,0.112
https://openalex.org/W4310605707,2023,0.8591,0.0,0.933,0.067
https://openalex.org/W4310730868,2023,0.9513,0.055,0.808,0.137
https://openalex.org/W4311193829,2023,0.9274,0.013,0.894,0.093
https://openalex.org/W4311271643,2023,-0.7144,0.051,0.94,0.009
https://openalex.org/W4311289426,2023,0.8807,0.095,0.75,0.155
https://openalex.org/W4311419397,2023,0.9776,0.045,0.81,0.145
https://openalex.org/W4311590349,2023,-0.7579,0.123,0.786,0.092
https://openalex.org/W4311756733,2023,0.5719,0.072,0.835,0.093
https://openalex.org/W4311773322,2023,0.9196,0.065,0.838,0.097
https://openalex.org/W4312069737,2023,0.9929,0.074,0.799,0.126
https://openalex.org/W4313373074,2023,-0.0516,0.05,0.904,0.046
https://openalex.org/W4313396850,2023,0.2589,0.041,0.909,0.05
https://openalex.org/W4313446524,2023,0.9969,0.044,0.85,0.106
https://openalex.org/W4313465794,2023,0.9423,0.011,0.906,0.083
https://openalex.org/W4313471210,2023,0.923,0.057,0.824,0.119
https://openalex.org/W4313527485,2023,0.9991,0.046,0.872,0.081
https://openalex.org/W4313537123,2023,0.9528,0.023,0.87,0.107
https://openalex.org/W4313547791,2023,0.9118,0.012,0.911,0.077
https://openalex.org/W4313558578,2023,0.9517,0.012,0.875,0.114
https://openalex.org/W4313559929,2023,0.7964,0.014,0.913,0.073
https://openalex.org/W4313574777,2023,0.9979,0.073,0.831,0.095
https://openalex.org/W4313584919,2023,0.9896,0.007,0.867,0.126
https://openalex.org/W4313594040,2023,0.9652,0.007,0.904,0.089
https://openalex.org/W4313597498,2023,0.7783,0.025,0.907,0.068
https://openalex.org/W4313644199,2023,0.9274,0.016,0.849,0.135
https://openalex.org/W4313645847,2023,0.4218,0.089,0.792,0.119
https://openalex.org/W4313678793,2023,0.7655,0.034,0.88,0.086
https://openalex.org/W4313815835,2023,0.9984,0.016,0.879,0.105
https://openalex.org/W4313824645,2023,0.9769,0.029,0.824,0.147
https://openalex.org/W4313827162,2023,0.9982,0.023,0.896,0.08
https://openalex.org/W4313856953,2023,0.9911,0.025,0.822,0.153
https://openalex.org/W4313887646,2023,0.7351,0.034,0.86,0.106
https://openalex.org/W4315471382,2023,0.8519,0.043,0.878,0.08
https://openalex.org/W4315476884,2023,0.9545,0.017,0.869,0.114
https://openalex.org/W4315481340,2023,0.9753,0.016,0.867,0.117
https://openalex.org/W4315483388,2023,0.6187,0.031,0.896,0.073
https://openalex.org/W4315645577,2023,0.0,0.017,0.959,0.024
https://openalex.org/W4315649705,2023,0.54,0.011,0.954,0.036
https://openalex.org/W4315651031,2023,0.7964,0.0,0.96,0.04
https://openalex.org/W4315651643,2023,0.9635,0.05,0.853,0.098
https://openalex.org/W4315782624,2023,0.8658,0.079,0.801,0.12
https://openalex.org/W4315865159,2023,-0.1531,0.038,0.931,0.031
https://openalex.org/W4315866002,2023,-0.0772,0.065,0.871,0.064
https://openalex.org/W4315929278,2023,-0.6351,0.108,0.824,0.068
https://openalex.org/W4316015304,2023,0.9768,0.024,0.821,0.155
https://openalex.org/W4316362579,2023,0.9961,0.02,0.79,0.191
https://openalex.org/W4316466468,2023,0.9517,0.023,0.899,0.078
https://openalex.org/W4316467721,2023,0.967,0.014,0.823,0.163
https://openalex.org/W4316669378,2023,0.8783,0.037,0.868,0.095
https://openalex.org/W4316927908,2023,-0.9404,0.153,0.745,0.102
https://openalex.org/W4317033110,2023,0.6494,0.059,0.858,0.083
https://openalex.org/W4317037892,2023,0.1027,0.066,0.848,0.086
https://openalex.org/W4317037952,2023,-0.5574,0.029,0.953,0.018
https://openalex.org/W4317209207,2023,0.8777,0.033,0.869,0.098
https://openalex.org/W4317214939,2023,0.5994,0.091,0.793,0.115
https://openalex.org/W4317372275,2023,0.9376,0.015,0.919,0.065
https://openalex.org/W4317612208,2023,0.9477,0.0,0.916,0.084
https://openalex.org/W4317623225,2023,0.9806,0.016,0.843,0.141
https://openalex.org/W4317735659,2023,0.1566,0.019,0.964,0.017
https://openalex.org/W4317857039,2023,0.9578,0.019,0.899,0.082
https://openalex.org/W4317884347,2023,0.3474,0.047,0.904,0.049
https://openalex.org/W4318066509,2023,0.9997,0.026,0.889,0.085
https://openalex.org/W4318243857,2023,0.967,0.011,0.868,0.12
https://openalex.org/W4318261654,2023,0.996,0.014,0.771,0.216
https://openalex.org/W4318464873,2023,0.9735,0.0,0.872,0.128
https://openalex.org/W4318465492,2023,0.9829,0.013,0.789,0.197
https://openalex.org/W4318474984,2023,0.9931,0.0,0.804,0.196
https://openalex.org/W4318480533,2023,0.9818,0.024,0.894,0.083
https://openalex.org/W4318481829,2023,-0.7346,0.083,0.842,0.074
https://openalex.org/W4318486637,2023,0.3506,0.042,0.9,0.058
https://openalex.org/W4318542673,2023,0.9753,0.017,0.861,0.122
https://openalex.org/W4318542804,2023,0.9998,0.03,0.767,0.203
https://openalex.org/W4318704229,2023,0.9081,0.016,0.912,0.072
https://openalex.org/W4318756208,2023,0.9662,0.0,0.88,0.12
https://openalex.org/W4318762417,2023,-0.2659,0.066,0.882,0.052
https://openalex.org/W4318769250,2023,0.9995,0.115,0.711,0.174
https://openalex.org/W4318777114,2023,0.7543,0.098,0.762,0.14
https://openalex.org/W4318831417,2023,0.9999,0.055,0.795,0.15
https://openalex.org/W4319031857,2023,0.9555,0.025,0.874,0.101
https://openalex.org/W4319066933,2023,0.9795,0.03,0.912,0.058
https://openalex.org/W4319158029,2023,0.9889,0.041,0.834,0.125
https://openalex.org/W4319298882,2023,0.9956,0.004,0.845,0.151
https://openalex.org/W4319318167,2023,0.9524,0.0,0.877,0.123
https://openalex.org/W4319319678,2023,0.9709,0.011,0.846,0.143
https://openalex.org/W4319321713,2023,0.9678,0.031,0.867,0.102
https://openalex.org/W4319338187,2023,0.9509,0.018,0.79,0.192
https://openalex.org/W4319346540,2023,0.7865,0.026,0.913,0.061
https://openalex.org/W4319440560,2023,0.723,0.035,0.898,0.067
https://openalex.org/W4319441361,2023,-0.4082,0.05,0.905,0.045
https://openalex.org/W4319459311,2023,0.7774,0.049,0.853,0.098
https://openalex.org/W4319598774,2023,0.7783,0.028,0.914,0.058
https://openalex.org/W4319601518,2023,0.9123,0.05,0.832,0.118
https://openalex.org/W4319723378,2023,-0.7717,0.059,0.89,0.051
https://openalex.org/W4319736368,2023,0.994,0.025,0.828,0.147
https://openalex.org/W4319742002,2023,0.8922,0.0,0.895,0.105
https://openalex.org/W4319750614,2023,0.9939,0.059,0.716,0.224
https://openalex.org/W4319780609,2023,-0.9873,0.087,0.831,0.082
https://openalex.org/W4319785691,2023,0.9538,0.022,0.85,0.128
https://openalex.org/W4319829457,2023,0.9136,0.053,0.793,0.154
https://openalex.org/W4319835709,2023,-0.5789,0.061,0.907,0.032
https://openalex.org/W4319962892,2023,0.9423,0.036,0.839,0.125
https://openalex.org/W4319982268,2023,0.9382,0.008,0.899,0.093
https://openalex.org/W4319998571,2023,0.8663,0.03,0.867,0.102
https://openalex.org/W4320007861,2023,0.9999,0.028,0.814,0.158
https://openalex.org/W4320011960,2023,0.9821,0.042,0.85,0.107
https://openalex.org/W4320035615,2023,0.82,0.069,0.824,0.107
https://openalex.org/W4320494732,2023,0.9743,0.093,0.81,0.097
https://openalex.org/W4320495690,2023,0.9851,0.041,0.763,0.196
https://openalex.org/W4320495847,2023,0.9909,0.013,0.779,0.208
https://openalex.org/W4320498300,2023,0.8271,0.064,0.83,0.106
https://openalex.org/W4320501690,2023,0.9949,0.011,0.817,0.171
https://openalex.org/W4320716344,2023,0.9998,0.065,0.822,0.113
https://openalex.org/W4320716663,2023,0.9816,0.048,0.826,0.126
https://openalex.org/W4320724298,2023,0.9403,0.02,0.896,0.084
https://openalex.org/W4320882968,2023,0.9799,0.065,0.79,0.145
https://openalex.org/W4320912591,2023,0.9794,0.022,0.847,0.131
https://openalex.org/W4320929262,2023,-0.8823,0.151,0.706,0.143
https://openalex.org/W4321003881,2023,0.9997,0.029,0.844,0.128
https://openalex.org/W4321015389,2023,0.9674,0.026,0.879,0.095
https://openalex.org/W4321073628,2023,0.9363,0.045,0.85,0.104
https://openalex.org/W4321088519,2023,0.9942,0.083,0.822,0.096
https://openalex.org/W4321094479,2023,0.988,0.026,0.842,0.132
https://openalex.org/W4321120706,2023,0.9996,0.029,0.88,0.091
https://openalex.org/W4321184930,2023,-0.9673,0.11,0.802,0.089
https://openalex.org/W4321225714,2023,0.0757,0.058,0.887,0.055
https://openalex.org/W4321329779,2023,-0.25,0.067,0.872,0.061
https://openalex.org/W4321351546,2023,0.8481,0.038,0.872,0.089
https://openalex.org/W4321366375,2023,0.9999,0.032,0.8,0.168
https://openalex.org/W4321369670,2023,0.6742,0.015,0.931,0.054
https://openalex.org/W4321370338,2023,0.9717,0.025,0.868,0.106
https://openalex.org/W4321458468,2023,0.1901,0.0,0.983,0.017
https://openalex.org/W4321481069,2023,0.1531,0.016,0.956,0.028
https://openalex.org/W4321495354,2023,0.9682,0.009,0.917,0.074
https://openalex.org/W4321502162,2023,0.8578,0.019,0.934,0.047
https://openalex.org/W4321503211,2023,0.9929,0.045,0.728,0.227
https://openalex.org/W4321610021,2023,-0.9688,0.103,0.854,0.042
https://openalex.org/W4321782810,2023,0.9904,0.01,0.799,0.191
https://openalex.org/W4321793019,2023,0.8761,0.046,0.872,0.082
https://openalex.org/W4321850693,2023,0.3818,0.016,0.951,0.033
https://openalex.org/W4321996100,2023,0.967,0.009,0.922,0.069
https://openalex.org/W4321996896,2023,0.9575,0.0,0.895,0.105
https://openalex.org/W4322004932,2023,0.431,0.044,0.896,0.061
https://openalex.org/W4322012531,2023,0.9723,0.0,0.836,0.164
https://openalex.org/W4322123836,2023,0.9851,0.004,0.837,0.158
https://openalex.org/W4322208641,2023,0.9081,0.011,0.944,0.046
https://openalex.org/W4322217167,2023,0.9244,0.027,0.898,0.076
https://openalex.org/W4322490148,2023,0.6369,0.043,0.902,0.056
https://openalex.org/W4322493009,2023,0.2815,0.051,0.886,0.063
https://openalex.org/W4322494076,2023,0.8968,0.0,0.921,0.079
https://openalex.org/W4322498158,2023,0.8225,0.0,0.918,0.082
https://openalex.org/W4322501447,2023,0.9894,0.005,0.817,0.177
https://openalex.org/W4322507010,2023,0.9982,0.049,0.857,0.094
https://openalex.org/W4322588563,2023,0.9794,0.022,0.861,0.117
https://openalex.org/W4322617140,2023,0.9998,0.052,0.823,0.125
https://openalex.org/W4322629684,2023,0.9933,0.012,0.74,0.249
https://openalex.org/W4322743011,2023,0.9783,0.0,0.889,0.111
https://openalex.org/W4322745047,2023,0.7096,0.03,0.913,0.057
https://openalex.org/W4322753603,2023,-0.91,0.074,0.89,0.036
https://openalex.org/W4322754647,2023,0.926,0.058,0.832,0.11
https://openalex.org/W4322755979,2023,0.9998,0.056,0.818,0.126
https://openalex.org/W4322758433,2023,0.9974,0.024,0.889,0.087
https://openalex.org/W4322769946,2023,-0.517,0.066,0.88,0.054
https://openalex.org/W4322769947,2023,-0.517,0.066,0.88,0.054
https://openalex.org/W4322773419,2023,0.9794,0.064,0.764,0.172
https://openalex.org/W4323031393,2023,0.9246,0.007,0.949,0.044
https://openalex.org/W4323042471,2023,0.9432,0.002,0.988,0.01
https://openalex.org/W4323046479,2023,0.9927,0.059,0.728,0.213
https://openalex.org/W4323066461,2023,0.8255,0.023,0.882,0.095
https://openalex.org/W4323075118,2023,-0.9711,0.125,0.811,0.064
https://openalex.org/W4323262311,2023,-0.9904,0.093,0.856,0.051
https://openalex.org/W4323275350,2023,0.9982,0.016,0.721,0.263
https://openalex.org/W4323295495,2023,-0.9965,0.076,0.863,0.06
https://openalex.org/W4323317522,2023,0.9896,0.021,0.816,0.163
https://openalex.org/W4323320303,2023,0.9678,0.033,0.829,0.137
https://openalex.org/W4323349910,2023,0.7269,0.101,0.761,0.138
https://openalex.org/W4323352171,2023,0.9904,0.037,0.802,0.161
https://openalex.org/W4323365478,2023,0.9622,0.044,0.874,0.082
https://openalex.org/W4323543466,2023,0.7783,0.009,0.955,0.037
https://openalex.org/W4323543610,2023,-0.9674,0.061,0.911,0.028
https://openalex.org/W4323544628,2023,-0.52,0.079,0.872,0.05
https://openalex.org/W4323568653,2023,0.9836,0.009,0.865,0.126
https://openalex.org/W4323669218,2023,0.9049,0.032,0.892,0.076
https://openalex.org/W4323774907,2023,-0.5279,0.079,0.849,0.072
https://openalex.org/W4323838293,2023,0.5423,0.108,0.747,0.146
https://openalex.org/W4323840574,2023,0.9823,0.0,0.78,0.22
https://openalex.org/W4323906687,2023,-0.5484,0.053,0.914,0.033
https://openalex.org/W4323923898,2023,0.9768,0.019,0.913,0.068
https://openalex.org/W4323924479,2023,0.9682,0.037,0.803,0.16
https://openalex.org/W4324026767,2023,0.9968,0.009,0.754,0.237
https://openalex.org/W4324027770,2023,0.994,0.009,0.848,0.143
https://openalex.org/W4324045817,2023,0.9934,0.006,0.821,0.173
https://openalex.org/W4324046871,2023,0.6865,0.072,0.814,0.114
https://openalex.org/W4324056430,2023,0.9423,0.011,0.906,0.083
https://openalex.org/W4324095523,2023,0.9553,0.026,0.853,0.121
https://openalex.org/W4324121257,2023,0.9792,0.021,0.786,0.193
https://openalex.org/W4324130164,2023,-0.9966,0.074,0.888,0.038
https://openalex.org/W4324130564,2023,0.9796,0.015,0.809,0.176
https://openalex.org/W4324132478,2023,0.8979,0.051,0.845,0.103
https://openalex.org/W4324139297,2023,0.3612,0.056,0.869,0.075
https://openalex.org/W4324143919,2023,0.699,0.049,0.856,0.095
https://openalex.org/W4324327999,2023,0.9061,0.031,0.9,0.07
https://openalex.org/W4324350304,2023,-0.9995,0.133,0.819,0.048
https://openalex.org/W4324387160,2023,0.6486,0.054,0.851,0.095
https://openalex.org/W4324387300,2023,0.4785,0.075,0.844,0.081
https://openalex.org/W4324387640,2023,0.9074,0.0,0.933,0.067
https://openalex.org/W4327546105,2023,0.9571,0.0,0.884,0.116
https://openalex.org/W4327556289,2023,0.34,0.097,0.791,0.113
https://openalex.org/W4327584445,2023,-0.796,0.061,0.888,0.051
https://openalex.org/W4327618754,2023,1.0,0.04,0.809,0.151
https://openalex.org/W4327652749,2023,-0.4404,0.073,0.858,0.069
https://openalex.org/W4327727631,2023,0.9311,0.07,0.846,0.084
https://openalex.org/W4327745936,2023,0.9963,0.081,0.824,0.094
https://openalex.org/W4327793953,2023,-0.7964,0.047,0.909,0.044
https://openalex.org/W4327814722,2023,0.926,0.038,0.833,0.129
https://openalex.org/W4327863132,2023,0.3086,0.068,0.857,0.075
https://openalex.org/W4327884548,2023,0.9537,0.059,0.856,0.084
https://openalex.org/W4327894047,2023,0.658,0.068,0.852,0.08
https://openalex.org/W4327921262,2023,0.9976,0.015,0.917,0.068
https://openalex.org/W4327922450,2023,-0.2617,0.088,0.833,0.079
https://openalex.org/W4327939983,2023,0.985,0.03,0.889,0.081
https://openalex.org/W4327972578,2023,0.8652,0.032,0.903,0.065
https://openalex.org/W4327976324,2023,-0.8555,0.093,0.849,0.059
https://openalex.org/W4328049397,2023,0.9698,0.021,0.841,0.138
https://openalex.org/W4328051796,2023,0.8402,0.012,0.924,0.065
https://openalex.org/W4328121275,2023,0.9604,0.008,0.859,0.133
https://openalex.org/W4352984927,2023,0.9497,0.036,0.806,0.158
https://openalex.org/W4353041081,2023,0.5667,0.021,0.936,0.043
https://openalex.org/W4353045986,2023,0.4939,0.026,0.926,0.048
https://openalex.org/W4353049656,2023,0.9958,0.072,0.8,0.128
https://openalex.org/W4353094459,2023,0.9559,0.024,0.83,0.145
https://openalex.org/W4360603300,2023,-0.9948,0.124,0.827,0.048
https://openalex.org/W4360603684,2023,0.1027,0.024,0.94,0.036
https://openalex.org/W4360614656,2023,0.8872,0.027,0.898,0.076
https://openalex.org/W4360650131,2023,0.9907,0.017,0.775,0.208
https://openalex.org/W4360778436,2023,0.9552,0.062,0.795,0.143
https://openalex.org/W4360839313,2023,-0.9268,0.066,0.919,0.015
https://openalex.org/W4360841628,2023,-0.9772,0.171,0.808,0.021
https://openalex.org/W4360854793,2023,0.296,0.069,0.853,0.078
https://openalex.org/W4360856248,2023,0.9607,0.019,0.839,0.141
https://openalex.org/W4360945776,2023,0.9984,0.009,0.915,0.076
https://openalex.org/W4360948871,2023,0.9516,0.046,0.83,0.124
https://openalex.org/W4360981325,2023,0.9967,0.086,0.727,0.187
https://openalex.org/W4360992521,2023,-0.128,0.027,0.948,0.025
https://openalex.org/W4360997994,2023,0.9719,0.0,0.911,0.089
https://openalex.org/W4361005603,2023,0.9942,0.017,0.803,0.18
https://openalex.org/W4361013247,2023,0.5859,0.0,0.977,0.023
https://openalex.org/W4361187607,2023,-0.1531,0.05,0.908,0.042
https://openalex.org/W4361199884,2023,0.9217,0.0,0.912,0.088
https://openalex.org/W4361205413,2023,0.7269,0.044,0.865,0.091
https://openalex.org/W4361219537,2023,0.891,0.034,0.89,0.076
https://openalex.org/W4361225817,2023,-0.8068,0.102,0.823,0.075
https://openalex.org/W4361251882,2023,0.9995,0.043,0.872,0.085
https://openalex.org/W4361278440,2023,0.9097,0.032,0.866,0.102
https://openalex.org/W4361285726,2023,0.9513,0.021,0.858,0.122
https://openalex.org/W4361294150,2023,0.9898,0.008,0.821,0.17
https://openalex.org/W4361761118,2023,0.8885,0.042,0.856,0.102
https://openalex.org/W4361837235,2023,0.9982,0.033,0.847,0.12
https://openalex.org/W4361853262,2023,-0.9851,0.166,0.757,0.077
https://openalex.org/W4361853544,2023,0.9815,0.01,0.907,0.083
https://openalex.org/W4362459075,2023,0.9999,0.023,0.847,0.13
https://openalex.org/W4362467953,2023,0.1901,0.029,0.929,0.042
https://openalex.org/W4362468850,2023,0.9755,0.035,0.848,0.117
https://openalex.org/W4362473390,2023,0.9926,0.008,0.808,0.184
https://openalex.org/W4362475702,2023,0.9382,0.02,0.878,0.101
https://openalex.org/W4362475796,2023,0.9382,0.0,0.814,0.186
https://openalex.org/W4362508919,2023,0.9998,0.047,0.78,0.173
https://openalex.org/W4362548981,2023,0.25,0.065,0.841,0.094
https://openalex.org/W4362559245,2023,0.9944,0.012,0.841,0.147
https://openalex.org/W4362569593,2023,0.8271,0.0,0.883,0.117
https://openalex.org/W4362577824,2023,0.9803,0.008,0.878,0.114
https://openalex.org/W4362585093,2023,0.5095,0.046,0.891,0.063
https://openalex.org/W4362588734,2023,0.9885,0.037,0.767,0.196
https://openalex.org/W4362594851,2023,0.9453,0.025,0.889,0.086
https://openalex.org/W4362606160,2023,0.9731,0.012,0.92,0.068
https://openalex.org/W4362631440,2023,0.4019,0.036,0.892,0.072
https://openalex.org/W4362635238,2023,0.0258,0.044,0.905,0.051
https://openalex.org/W4362652940,2023,0.9941,0.006,0.816,0.178
https://openalex.org/W4362653510,2023,0.9819,0.013,0.885,0.102
https://openalex.org/W4362658411,2023,0.2775,0.049,0.898,0.053
https://openalex.org/W4362665131,2023,0.952,0.041,0.848,0.111
https://openalex.org/W4362665439,2023,0.7717,0.05,0.861,0.089
https://openalex.org/W4362676691,2023,0.908,0.0,0.931,0.069
https://openalex.org/W4362686342,2023,0.9818,0.0,0.935,0.065
https://openalex.org/W4362696793,2023,0.9862,0.0,0.849,0.151
https://openalex.org/W4362698192,2023,0.8943,0.011,0.911,0.077
https://openalex.org/W4362704877,2023,0.9501,0.016,0.853,0.131
https://openalex.org/W4362720000,2023,0.9751,0.035,0.888,0.076
https://openalex.org/W4362732607,2023,-0.8641,0.09,0.879,0.031
https://openalex.org/W4363647575,2023,0.9918,0.006,0.894,0.1
https://openalex.org/W4363674223,2023,0.9674,0.018,0.865,0.117
https://openalex.org/W4364382823,2023,0.8129,0.064,0.811,0.125
https://openalex.org/W4365135728,2023,0.9971,0.031,0.873,0.096
https://openalex.org/W4365142465,2023,0.9735,0.01,0.871,0.119
https://openalex.org/W4365148218,2023,0.9834,0.024,0.844,0.132
https://openalex.org/W4365512775,2023,-0.2003,0.058,0.899,0.043
https://openalex.org/W4365515383,2023,0.9996,0.022,0.885,0.092
https://openalex.org/W4365812285,2023,0.9001,0.025,0.894,0.082
https://openalex.org/W4366000862,2023,0.9811,0.037,0.863,0.1
https://openalex.org/W4366085714,2023,0.9857,0.055,0.853,0.092
https://openalex.org/W4366236989,2023,0.9997,0.053,0.816,0.132
https://openalex.org/W4366257350,2023,0.988,0.041,0.871,0.088
https://openalex.org/W4366284747,2023,0.9873,0.015,0.842,0.143
https://openalex.org/W4366319090,2023,0.9081,0.02,0.915,0.065
https://openalex.org/W4366383248,2023,0.6249,0.089,0.812,0.099
https://openalex.org/W4366423302,2023,0.984,0.005,0.888,0.107
https://openalex.org/W4366439758,2023,0.8627,0.117,0.709,0.174
https://openalex.org/W4366455300,2023,0.7003,0.02,0.925,0.055
https://openalex.org/W4366496263,2023,0.1779,0.042,0.912,0.046
https://openalex.org/W4366505279,2023,0.975,0.03,0.785,0.186
https://openalex.org/W4366549382,2023,0.7184,0.0,0.927,0.073
https://openalex.org/W4366716603,2023,0.7506,0.043,0.887,0.07
https://openalex.org/W4366729174,2023,0.7184,0.0,0.927,0.073
https://openalex.org/W4366778232,2023,0.8908,0.062,0.85,0.089
https://openalex.org/W4366782766,2023,0.4588,0.06,0.873,0.067
https://openalex.org/W4366808829,2023,-0.2732,0.095,0.82,0.085
https://openalex.org/W4366808909,2023,0.9688,0.022,0.873,0.106
https://openalex.org/W4366817144,2023,0.9081,0.0,0.92,0.08
https://openalex.org/W4366824262,2023,0.7506,0.014,0.93,0.057
https://openalex.org/W4366828375,2023,0.9997,0.032,0.886,0.082
https://openalex.org/W4366829912,2023,0.9682,0.013,0.893,0.094
https://openalex.org/W4366975332,2023,0.9468,0.032,0.868,0.1
https://openalex.org/W4366981132,2023,0.91,0.0,0.935,0.065
https://openalex.org/W4366982856,2023,-0.257,0.068,0.864,0.068
https://openalex.org/W4367053121,2023,0.992,0.037,0.822,0.141
https://openalex.org/W4367056762,2023,0.9643,0.084,0.809,0.107
https://openalex.org/W4367174150,2023,0.9983,0.033,0.87,0.097
https://openalex.org/W4367182419,2023,-0.1664,0.038,0.927,0.035
https://openalex.org/W4367296578,2023,0.9826,0.016,0.851,0.133
https://openalex.org/W4367318047,2023,0.9947,0.083,0.743,0.174
https://openalex.org/W4367319080,2023,0.9792,0.019,0.864,0.117
https://openalex.org/W4367319231,2023,0.9623,0.059,0.804,0.137
https://openalex.org/W4367332377,2023,-0.8316,0.112,0.845,0.042
https://openalex.org/W4367333400,2023,0.9782,0.078,0.763,0.159
https://openalex.org/W4367549572,2023,0.9852,0.052,0.843,0.104
https://openalex.org/W4367681901,2023,0.9998,0.036,0.82,0.143
https://openalex.org/W4367840739,2023,0.8176,0.037,0.892,0.071
https://openalex.org/W4368370277,2023,-0.926,0.126,0.783,0.091
https://openalex.org/W4372298635,2023,0.9944,0.04,0.749,0.211
https://openalex.org/W4372328843,2023,0.9337,0.054,0.809,0.136
https://openalex.org/W4372331535,2023,0.936,0.014,0.886,0.1
https://openalex.org/W4375844637,2023,0.9972,0.027,0.882,0.09
https://openalex.org/W4375847355,2023,0.6059,0.013,0.932,0.056
https://openalex.org/W4375946821,2023,0.8442,0.075,0.816,0.108
https://openalex.org/W4375947852,2023,0.8908,0.019,0.911,0.07
https://openalex.org/W4375948790,2023,0.9883,0.047,0.778,0.176
https://openalex.org/W4375950258,2023,-0.9792,0.185,0.774,0.041
https://openalex.org/W4375954805,2023,-0.9984,0.282,0.688,0.031
https://openalex.org/W4376107316,2023,0.9638,0.021,0.849,0.13
https://openalex.org/W4376112538,2023,0.9957,0.022,0.811,0.167
https://openalex.org/W4376113846,2023,0.9775,0.052,0.822,0.126
https://openalex.org/W4376132256,2023,0.999,0.052,0.832,0.117
https://openalex.org/W4376133240,2023,0.9745,0.045,0.885,0.07
https://openalex.org/W4376275531,2023,0.9997,0.035,0.821,0.143
https://openalex.org/W4376279107,2023,0.9451,0.0,0.929,0.071
https://openalex.org/W4376286591,2023,0.9919,0.023,0.811,0.166
https://openalex.org/W4376288937,2023,0.6369,0.024,0.906,0.071
https://openalex.org/W4376464750,2023,0.9972,0.076,0.749,0.174
https://openalex.org/W4376470485,2023,0.9042,0.046,0.827,0.127
https://openalex.org/W4376478631,2023,0.8689,0.022,0.912,0.067
https://openalex.org/W4376478635,2023,0.9859,0.038,0.826,0.136
https://openalex.org/W4376604919,2023,-0.1901,0.047,0.909,0.044
https://openalex.org/W4376609137,2023,0.7506,0.045,0.856,0.099
https://openalex.org/W4376611839,2023,0.7003,0.017,0.939,0.044
https://openalex.org/W4376618736,2023,0.1475,0.06,0.885,0.055
https://openalex.org/W4376633201,2023,0.7579,0.012,0.936,0.052
https://openalex.org/W4376643662,2023,0.9679,0.045,0.851,0.103
https://openalex.org/W4376648902,2023,0.9992,0.022,0.923,0.056
https://openalex.org/W4376649104,2023,0.9559,0.04,0.792,0.168
https://openalex.org/W4376853804,2023,-0.1548,0.045,0.902,0.053
https://openalex.org/W4376863251,2023,0.9184,0.013,0.912,0.075
https://openalex.org/W4377021110,2023,0.9796,0.032,0.852,0.117
https://openalex.org/W4377030079,2023,0.9468,0.021,0.88,0.099
https://openalex.org/W4377037869,2023,0.743,0.057,0.85,0.093
https://openalex.org/W4377041132,2023,0.9323,0.045,0.843,0.112
https://openalex.org/W4377041460,2023,0.9552,0.02,0.842,0.138
https://openalex.org/W4377080639,2023,0.296,0.082,0.832,0.086
https://openalex.org/W4377092101,2023,0.9996,0.042,0.839,0.119
https://openalex.org/W4377092555,2023,0.9753,0.0,0.889,0.111
https://openalex.org/W4377103575,2023,0.9964,0.058,0.861,0.082
https://openalex.org/W4377244812,2023,0.992,0.041,0.791,0.169
https://openalex.org/W4377287671,2023,0.9607,0.0,0.892,0.108
https://openalex.org/W4377292024,2023,0.8689,0.0,0.944,0.056
https://openalex.org/W4377690785,2023,0.7902,0.024,0.908,0.068
https://openalex.org/W4377692316,2023,0.9975,0.038,0.848,0.114
https://openalex.org/W4377823299,2023,0.9911,0.022,0.754,0.224
https://openalex.org/W4377823390,2023,0.9744,0.026,0.883,0.091
https://openalex.org/W4377825069,2023,0.981,0.033,0.833,0.134
https://openalex.org/W4377970271,2023,0.9924,0.062,0.837,0.101
https://openalex.org/W4378086310,2023,0.9924,0.036,0.729,0.235
https://openalex.org/W4378087340,2023,0.9412,0.015,0.873,0.112
https://openalex.org/W4378234285,2023,0.9333,0.0,0.814,0.186
https://openalex.org/W4378363872,2023,0.8381,0.067,0.828,0.105
https://openalex.org/W4378373905,2023,0.9712,0.018,0.864,0.118
https://openalex.org/W4378376265,2023,0.5994,0.09,0.801,0.109
https://openalex.org/W4378438598,2023,0.9862,0.0,0.849,0.151
https://openalex.org/W4378516341,2023,-0.9958,0.072,0.897,0.032
https://openalex.org/W4378532272,2023,0.981,0.033,0.833,0.134
https://openalex.org/W4378575389,2023,0.8737,0.006,0.954,0.041
https://openalex.org/W4378620093,2023,0.9901,0.031,0.869,0.1
https://openalex.org/W4378620253,2023,0.9201,0.0,0.923,0.077
https://openalex.org/W4378714600,2023,0.0,0.061,0.886,0.052
https://openalex.org/W4378715056,2023,0.9694,0.024,0.838,0.138
https://openalex.org/W4378807084,2023,0.9934,0.032,0.757,0.21
https://openalex.org/W4378835674,2023,-0.7906,0.066,0.908,0.026
https://openalex.org/W4378904344,2023,0.9933,0.027,0.849,0.125
https://openalex.org/W4378976184,2023,0.8481,0.043,0.873,0.083
https://openalex.org/W4379013870,2023,0.9877,0.011,0.772,0.217
https://openalex.org/W4379052591,2023,0.9992,0.075,0.816,0.109
https://openalex.org/W4379053980,2023,0.9684,0.037,0.866,0.097
https://openalex.org/W4379141891,2023,0.9818,0.046,0.808,0.146
https://openalex.org/W4379164495,2023,0.5868,0.039,0.9,0.061
https://openalex.org/W4379229296,2023,0.9777,0.015,0.901,0.085
https://openalex.org/W4379232597,2023,0.9609,0.026,0.831,0.143
https://openalex.org/W4379259799,2023,0.9615,0.106,0.783,0.111
https://openalex.org/W4379278634,2023,0.9996,0.051,0.802,0.147
https://openalex.org/W4379356294,2023,0.8658,0.027,0.898,0.074
https://openalex.org/W4379375955,2023,-0.9381,0.115,0.808,0.076
https://openalex.org/W4379381714,2023,0.9911,0.03,0.847,0.123
https://openalex.org/W4379391784,2023,-0.7479,0.091,0.843,0.067
https://openalex.org/W4379514634,2023,0.9432,0.02,0.876,0.103
https://openalex.org/W4379527361,2023,0.7184,0.014,0.92,0.066
https://openalex.org/W4379649466,2023,-0.9887,0.201,0.756,0.044
https://openalex.org/W4379769315,2023,-0.9081,0.15,0.8,0.05
https://openalex.org/W4379798160,2023,0.9994,0.08,0.808,0.112
https://openalex.org/W4379879527,2023,0.947,0.035,0.856,0.109
https://openalex.org/W4379911239,2023,0.9294,0.0,0.943,0.057
https://openalex.org/W4380050464,2023,0.9041,0.066,0.857,0.077
https://openalex.org/W4380051663,2023,0.802,0.025,0.912,0.064
https://openalex.org/W4380052105,2023,0.2399,0.055,0.88,0.065
https://openalex.org/W4380077076,2023,0.9761,0.006,0.918,0.076
https://openalex.org/W4380079039,2023,0.6486,0.0,0.937,0.063
https://openalex.org/W4380264031,2023,0.9062,0.008,0.916,0.076
https://openalex.org/W4380264899,2023,0.9349,0.023,0.878,0.099
https://openalex.org/W4380324107,2023,0.9996,0.019,0.918,0.063
https://openalex.org/W4380355646,2023,0.5719,0.029,0.923,0.047
https://openalex.org/W4380361305,2023,0.9796,0.038,0.84,0.122
https://openalex.org/W4380487118,2023,-0.7096,0.075,0.874,0.051
https://openalex.org/W4380589943,2023,0.4588,0.031,0.922,0.047
https://openalex.org/W4380610474,2023,-0.5065,0.081,0.86,0.059
https://openalex.org/W4380684406,2023,0.8481,0.018,0.912,0.07
https://openalex.org/W4380841914,2023,0.9638,0.03,0.853,0.117
https://openalex.org/W4380869623,2023,0.9301,0.034,0.875,0.092
https://openalex.org/W4381090105,2023,0.9993,0.029,0.699,0.272
https://openalex.org/W4381114183,2023,-0.9042,0.129,0.807,0.064
https://openalex.org/W4381137343,2023,0.9153,0.053,0.856,0.091
https://openalex.org/W4381149791,2023,-0.1999,0.042,0.916,0.043
https://openalex.org/W4381251974,2023,0.9723,0.0,0.927,0.073
https://openalex.org/W4381336784,2023,0.9409,0.065,0.783,0.152
https://openalex.org/W4381514632,2023,-0.9367,0.083,0.84,0.078
https://openalex.org/W4381550310,2023,-0.9943,0.223,0.686,0.09
https://openalex.org/W4381572488,2023,0.887,0.026,0.901,0.073
https://openalex.org/W4381616815,2023,0.9493,0.015,0.904,0.081
https://openalex.org/W4381686037,2023,0.9371,0.009,0.906,0.085
https://openalex.org/W4381743385,2023,0.9873,0.022,0.87,0.109
https://openalex.org/W4381930270,2023,0.9707,0.028,0.838,0.135
https://openalex.org/W4381953341,2023,0.9477,0.035,0.837,0.128
https://openalex.org/W4381984206,2023,0.9858,0.012,0.858,0.13
https://openalex.org/W4381988840,2023,0.9477,0.041,0.849,0.111
https://openalex.org/W4382046327,2023,0.9406,0.007,0.917,0.076
https://openalex.org/W4382073066,2023,0.8832,0.029,0.9,0.072
https://openalex.org/W4382137256,2023,0.9686,0.063,0.743,0.194
https://openalex.org/W4382182477,2023,0.8925,0.039,0.924,0.038
https://openalex.org/W4382245174,2023,0.9781,0.042,0.824,0.133
https://openalex.org/W4382294213,2023,0.6597,0.0,0.949,0.051
https://openalex.org/W4382314365,2023,0.926,0.0,0.915,0.085
https://openalex.org/W4382315469,2023,0.8974,0.007,0.905,0.088
https://openalex.org/W4382360321,2023,0.9565,0.041,0.827,0.132
https://openalex.org/W4382397260,2023,-0.9433,0.137,0.738,0.125
https://openalex.org/W4382405358,2023,0.9723,0.0,0.884,0.116
https://openalex.org/W4382513757,2023,0.9682,0.008,0.904,0.089
https://openalex.org/W4382602291,2023,0.7902,0.032,0.908,0.06
https://openalex.org/W4382602700,2023,0.9989,0.04,0.83,0.13
https://openalex.org/W4382632070,2023,0.9931,0.032,0.812,0.156
https://openalex.org/W4382655165,2023,0.9741,0.058,0.786,0.156
https://openalex.org/W4382657298,2023,-0.2263,0.043,0.914,0.043
https://openalex.org/W4382698930,2023,0.3612,0.04,0.912,0.048
https://openalex.org/W4382727800,2023,0.9681,0.014,0.88,0.106
https://openalex.org/W4382752274,2023,-0.8555,0.109,0.804,0.087
https://openalex.org/W4382788518,2023,0.9729,0.015,0.883,0.102
https://openalex.org/W4382810950,2023,0.9936,0.006,0.83,0.164
https://openalex.org/W4382874095,2023,0.9831,0.01,0.78,0.21
https://openalex.org/W4383032748,2023,-0.7351,0.071,0.898,0.031
https://openalex.org/W4383041497,2023,0.982,0.015,0.873,0.112
https://openalex.org/W4383058914,2023,0.9215,0.047,0.852,0.101
https://openalex.org/W4383066697,2023,0.9801,0.0,0.803,0.197
https://openalex.org/W4383108168,2023,0.9859,0.073,0.843,0.084
https://openalex.org/W4383216974,2023,-0.09,0.057,0.875,0.069
https://openalex.org/W4383218376,2023,0.9747,0.0,0.889,0.111
https://openalex.org/W4383262449,2023,0.9869,0.033,0.819,0.148
https://openalex.org/W4383269883,2023,-0.296,0.073,0.848,0.079
https://openalex.org/W4383272297,2023,0.9817,0.044,0.787,0.169
https://openalex.org/W4383425766,2023,0.7639,0.094,0.784,0.122
https://openalex.org/W4383459113,2023,0.9932,0.07,0.703,0.228
